-0.7865586242768909,2.4255381213947507,-0.8764810019683835,-1.243429345545108,-0.3988302108089258,-2.5737103897305222,2.4951081662108043,-0.2937535340781949,0.6139754908378152,1.7038235826278436,-0.4939657202183156,-2.4737308145768093,0.14614857250446062,-2.0247680242137633,-2.3801366527288375,-1.0282255959003834,-0.10666879299097863,-2.4224869918624665,-2.4254793502633234,2.644354906813909,-1.504189727880656,-0.8321246432584972,-2.4852932066931457,-2.3939228758373585,0.8657673823226506,1.6181861070235555,-2.1256709589609413,-2.2668552043902093,1.5765965769207293,-0.5258390277902449,-0.7100107157830333,0.6874215693380055,0.6951403750751242,-1.5130053391585154,1.5230570848267595,1.2148813522883806,-1.0220776465737529,-1.5502535873184242,0.3018372939172094,-2.80158284631879,1.0301944002069767,-1.3170985201265188,-2.583170658157651,1.6482949400208309,2.0918479830997176,1.163137917054313,0.8610574254719203,2.1569021396394703
numHidden 	5
numGenes 	48
minGene 	-3.0
maxGene 	3.0
popSize 	200
maxEvaluations 	20000
mutateRate 	0.01
mutateChange 	0.05
seed 	1554691930151
random 	java.util.Random@2530c12
neuralNetworkClass 	class coursework.ExampleEvolutionaryAlgorithm
Training Set Training
Fitness 0.1388181855274332