-2.013111024931795,0.40143394803082,-0.19593415048540025,-1.0068038109433226,0.22021362016697577,-0.9695450894244402,-0.5503041128474002,0.5763372280063086,-0.7515747772553949,2.705338793880194,-1.679273136001286,-1.4045245040956353,-0.8930194006897425,-2.246690201697341,-0.5040879593843997,-1.909333916217796,-1.7012152989607403,0.7855781024905351,-0.7831088780112281,0.2907135161630787,-2.303012491650338,-0.27207920236246,0.21380346604549105,-0.6008700789075951,-1.3996785531341063,0.16684950847578542,2.564782204851759,2.4709172313560988,-0.21831437272641435,0.30470889330141593,-2.290468207976744,-0.2298010487189739,-0.4984487929048936,2.2072891938296406,2.2617989759020283,-2.067287164952432,-0.6738867160060931,1.6552683149726033,-1.6723383729236811,2.1786601950869144,-2.554019928528125,0.6260342106824366,2.7361636076839586,2.1303918339894086,1.8845473270158843,2.435170912756381,2.725937075207505,2.2358954856708255
numHidden 	5
numGenes 	48
minGene 	-3.0
maxGene 	3.0
popSize 	200
maxEvaluations 	20000
mutateRate 	0.01
mutateChange 	0.05
seed 	1554691930151
random 	java.util.Random@2530c12
neuralNetworkClass 	class coursework.ExampleEvolutionaryAlgorithm
Training Set Training
Fitness 0.13613931838314175