-2.1473734106629054,0.2505488953188571,1.926990899160696,-2.6340286047679,-2.3955586609206057,-0.08716763216287769,2.31126382690446,2.0808818858699647,-0.5258483979100077,2.1955139391670153,-0.23817015484443482,2.1274294982595876,2.07947923902128,-2.51194057848807,-1.0088244366487071,-2.630483763430762,-1.8401501263191822,-0.556310329825596,-2.790022287753883,0.23963577034717787,0.3689079837694287,-2.080630309529125,2.9724270797177805,1.1647257766644215,-2.8659797273866356,0.9682038523233434,-1.6569336245384736,2.108620623379414,-1.6804603434548495,-1.3233698045512532,2.12779230819449,2.118119665735424,-1.8063522783914019,-2.7422842704323753,-0.8725517943634105,0.257467049761302,2.3555092946712355,-1.7088030503564584,1.7219764445785692,1.5007691858578545,1.3544718932133968,-0.4070615072392753,0.11481582632992034,1.5979989850821796,2.721169792939488,-0.2767714388261256,1.6361394254508843,2.2939303080572646
numHidden 	5
numGenes 	48
minGene 	-3.0
maxGene 	3.0
popSize 	200
maxEvaluations 	20000
mutateRate 	0.01
mutateChange 	0.05
seed 	1554692622589
random 	java.util.Random@73c6c3b2
neuralNetworkClass 	class coursework.ExampleEvolutionaryAlgorithm
Training Set Training
Fitness 0.10176536703904716