-0.6051839169642177,0.2658319968598075,-1.8813897403817599,-1.7354530037008815,1.8037113324728578,-0.7404562156644412,-1.4778586296755243,-1.8751206544352188,1.0195721861616258,-2.1119995939032243,2.2107180173364966,-1.9083895954324714,2.722006937601944,-2.931936333241681,-1.5583190795185653,-1.0681144724276979,-2.3044658926634316,2.2217795023400333,0.6422582736187024,-2.1552829325534972,-2.8707823827010133,0.43351169431309877,2.40653195562449,-2.6580265180373885,0.8907664493789074,-1.2071260814340412,-0.2946504562870462,1.2637862908471271,-1.6725572417632941,2.958449035959525,-1.4840124900940306,-2.5231360440677406,0.629164445185066,0.03364755562283825,1.1010919372870251,-1.141024971338374,1.190304151941503,2.307207636888844,-0.2343056287054341,-2.063876401816204,0.9484191314107104,1.5197512496302652,-0.8419247298981387,1.8921397331484515,1.8509088516217274,-0.28851278977214834,0.067720530980883,-0.05578799869352587
numHidden 	5
numGenes 	48
minGene 	-3.0
maxGene 	3.0
popSize 	200
maxEvaluations 	20000
mutateRate 	0.01
mutateChange 	0.05
seed 	1554692622589
random 	java.util.Random@73c6c3b2
neuralNetworkClass 	class coursework.ExampleEvolutionaryAlgorithm
Training Set Training
Fitness 0.12189577118803017