2.3734543806131487,1.3365154566490838,-1.7585141172621828,0.9544822179787431,-0.5928449616728115,-2.0819129493456523,-0.5062452873465915,1.2317172225548934,-2.9570324220941817,-0.31912521912758596,2.9797902051437237,-2.2847650392726413,2.6157554155361673,0.5585282960147451,-1.0375267653072549,-1.5084998768899929,2.283460837200729,1.014543758650456,-0.6027865714964733,-1.4635990353689183,-2.6371422396272752,-1.8878173663350617,-1.7107543689097722,2.9729707148026243,-1.5543485876176812,2.927690523989895,0.9665729974198867,-0.7279795522779384,0.33327977998898994,-1.7252315878594406,1.9045628999449054,2.3571094061815003,0.6493114216556435,-2.2336016162609678,-1.3267705596811183,2.149108479719957,0.680874091508711,1.0670945128287896,1.2059516118192828,-2.914313822390513,2.485460700607467,-2.9260508226566317,-2.4775442313131784,-0.3067237649742527,-2.941206471411699,0.6505283994058031,2.387813303241992,-0.8097753825832457
numHidden 	5
numGenes 	48
minGene 	-3.0
maxGene 	3.0
popSize 	200
maxEvaluations 	20000
mutateRate 	0.01
mutateChange 	0.05
seed 	1554692622589
random 	java.util.Random@73c6c3b2
neuralNetworkClass 	class coursework.ExampleEvolutionaryAlgorithm
Training Set Training
Fitness 0.11513703635093586