-0.35503926316284656,2.981079421792103,-0.36062039736205787,0.7368289830390111,2.5789589479704276,1.9384633831863347,-2.194628270885476,-2.1282443336619705,-1.8731678685572777,-0.9634747216639954,-2.1102673113670853,2.914323520149516,0.4151480421858458,-1.9153620587161175,-2.0743326349494806,-0.2234009008674615,-2.3652543792842247,-2.564201924350292,-2.962955577163667,1.4088552880037915,-2.937576685786955,0.8649257700172588,2.9073891617974637,2.7993612526506393,-0.11932517270484277,-2.3364670087759043,2.8328633180427083,-0.7309439557887782,2.6525194355522217,-2.7505833668623896,-0.9460284883529111,1.8288797890166073,2.7801529849810613,2.7912485883894336,0.5196060048877018,1.5500187857175316,-2.040228026669207,-0.31146275780124943,-2.592264223993917,2.324451411855536,1.6620572809226921,-0.06890990384371243,1.9993776393617297,2.08556950900065,-2.1930016582981544,-1.9887616451745753,2.701686359901749,-0.9613715150917477
numHidden 	5
numGenes 	48
minGene 	-3.0
maxGene 	3.0
popSize 	200
maxEvaluations 	20000
mutateRate 	0.01
mutateChange 	0.05
seed 	1554692622589
random 	java.util.Random@73c6c3b2
neuralNetworkClass 	class coursework.ExampleEvolutionaryAlgorithm
Training Set Training
Fitness 0.12787451543131362