-2.2335464479524427,2.741357080343656,0.4220590580341453,2.431733330535013,0.038207322674052066,2.162371641945102,-0.41032170264429063,2.5013140779842047,-1.583730985361391,-2.3571466979621105,2.507619387675679,-0.26735791488044675,0.09435155822779172,-1.9157641179775182,1.6177172275384006,1.0815457511781452,1.6650209899879904,0.13431217312890792,1.2678611963356197,2.3075657588998215,0.7861966259935587,-1.3630207747177112,-1.6913729140095857,-1.2803449498754353,1.0470690891207854,-2.822423687505146,2.0949328879200735,0.26580546787935116,0.5984612385713943,-2.4796136978767267,-2.198697091937105,0.6364132158613982,2.946644113122707,-0.596771564010659,-1.7629444384601747,2.163304619053256,1.9311035675615515,0.1599320281186543,2.362963080582661,-2.7040481909904655,-2.4342631586430743,-0.4651621075492017,-1.5363280232578802,-2.5264798208537647,1.5194441744236968,-0.015663714394329814,1.1203983640938535,1.0359958349683245
numHidden 	5
numGenes 	48
minGene 	-3.0
maxGene 	3.0
popSize 	200
maxEvaluations 	20000
mutateRate 	0.01
mutateChange 	0.05
seed 	1554691930151
random 	java.util.Random@2530c12
neuralNetworkClass 	class coursework.ExampleEvolutionaryAlgorithm
Training Set Training
Fitness 0.14913622205219618