0.6246453374787411,-0.885460728160566,-2.4771495100559213,1.2564385366138,2.7280538173723263,1.17356201910578,2.9564924865275843,1.6639892982231004,-2.603885381285374,-0.12289273109565517,2.672211469779456,-0.20527379383190175,-1.1507941653867009,-1.2689238160003382,1.434887687982997,1.234036644185962,2.972334126771946,2.106024473305964,-0.5299883870166608,-1.0644200714986498,1.4563959951697103,-0.3845908187729893,-1.8510180821429538,2.673571203765933,1.6711248099044753,-2.060727409908301,-0.7437595657370091,1.0777317296825446,-1.0126137395882189,0.832867727652775,0.5010914476566158,-2.496062939154469,1.776150990645731,-0.0867579151245943,2.7883820849226097,2.3259545894811593,-1.5327720317196103,2.057996002154815,-0.11548910220219998,-1.4294229228126554,1.4532436324140943,-0.6140211593429277,0.397644975308725,2.0227484879803255,1.5258045360434493,0.19388046185841418,1.3805127324253172,0.05250208084600683
numHidden 	5
numGenes 	48
minGene 	-3.0
maxGene 	3.0
popSize 	200
maxEvaluations 	20000
mutateRate 	0.01
mutateChange 	0.05
seed 	1554692622589
random 	java.util.Random@73c6c3b2
neuralNetworkClass 	class coursework.ExampleEvolutionaryAlgorithm
Training Set Training
Fitness 0.09946045585382082