-0.9670737165116166,-1.3564162952355137,-1.063407041110653,-0.6488309349020442,0.8784712708583877,-2.3747237055042687,2.0617956320305213,-0.4904135090340359,-0.6730855845310084,-2.4258993208370128,2.0414951592153736,1.5738565487626612,1.3748637342863173,-2.3597574048986685,-2.792150530372429,-0.14467279301090707,2.8890420262745815,-0.6208939777331988,1.8312244269492293,-2.5953211702498,2.5022074916464696,2.7082658870753322,-2.024580558755467,1.2095869102751386,-0.49081484209036025,0.20212432458574725,1.4802140475316756,-0.8904015733633159,0.6356963001988565,0.8007700738373733,-0.802356002773384,-2.2556301731670256,-1.0805194476883568,0.1732161244182242,2.543953852931822,0.8338406766196937,-1.5525060600409346,0.9263585903999476,0.6022262092212369,-2.7911641647612244,0.9347681731381232,-2.4103230530455155,2.0712297329324825,-1.3319892355319443,-2.7901889792228705,1.7318614828483379,1.4040800578422796,0.48197859936632365
numHidden 	5
numGenes 	48
minGene 	-3.0
maxGene 	3.0
popSize 	200
maxEvaluations 	20000
mutateRate 	0.01
mutateChange 	0.05
seed 	1554691930151
random 	java.util.Random@2530c12
neuralNetworkClass 	class coursework.ExampleEvolutionaryAlgorithm
Training Set Training
Fitness 0.16120069515855445