2.605430268121461,-1.8316772764721407,-0.023822820348489593,2.325211639829644,-0.5322819977467305,-0.41991334164366645,-1.857055000994435,2.715547643083382,1.391568499280532,0.6988666275940274,2.713161178827595,-2.898375003135877,-1.9407221217771926,0.4702387490102895,-0.1710878422019681,-2.2746484231844937,-2.188860499587244,2.353140565149321,-1.7462335737978312,0.9010738954076511,0.18977226355489396,2.298375500673516,-0.2358059417415685,-1.5022439291609533,2.2703219898119897,2.9358245482758925,0.6973082179732579,-1.1977401794403744,-1.7260799745025135,1.683034174554372,2.22516893452592,0.24767511881647453,0.00462466503342851,0.1521430764602787,1.6040417727565197,-2.9080759128258764,-1.7507761417732781,2.1898503587791263,1.2592613167340563,-2.9154710711445446,-2.7152496873700764,-1.6097856225730323,2.4329238341844013,-2.7018041202282155,0.29196338706037706,-0.5764385712688389,0.47505907458795305,1.0638250132070945
numHidden 	5
numGenes 	48
minGene 	-3.0
maxGene 	3.0
popSize 	200
maxEvaluations 	20000
mutateRate 	0.01
mutateChange 	0.05
seed 	1554692622589
random 	java.util.Random@73c6c3b2
neuralNetworkClass 	class coursework.ExampleEvolutionaryAlgorithm
Training Set Training
Fitness 0.0993969609448052