-0.5271360237359798,-0.322378096289642,0.30727507806365395,1.4407694334167265,-2.7893177843519927,-1.1967455524935386,1.8050863315905596,1.5176020926009786,-2.110454523199701,2.5098319514978815,1.6751642154160502,-0.6009813113363003,1.01358262189157,2.276928027627497,-1.413289780848807,-0.38409435558483035,0.6021277505364628,-0.6703957467194694,-0.3466588699122539,-1.8393206953726073,-1.2595090652647174,1.2076548469463433,-2.5425073018995246,-0.05873815117201442,2.7636675508208315,-1.7274075266292452,2.856647553074753,-0.5878730289610514,2.832697873277146,2.0052112983817363,1.8447944444844244,0.1738382349057721,-1.5777306710806853,-1.598275895557443,-0.714862131743262,-1.1432000114970287,-2.8693126764556807,0.5436541179546062,1.8174309412075662,-0.3549744298008535,2.4641074373506076,-1.99642794167051,2.4929652704876304,1.6279104745831727,-0.10503341295574753,2.697015325333026,2.08059914551398,2.4958140818819796
numHidden 	5
numGenes 	48
minGene 	-3.0
maxGene 	3.0
popSize 	200
maxEvaluations 	20000
mutateRate 	0.01
mutateChange 	0.05
seed 	1554692622589
random 	java.util.Random@73c6c3b2
neuralNetworkClass 	class coursework.ExampleEvolutionaryAlgorithm
Training Set Training
Fitness 0.12747030177789068