0.8339895403752271,1.083337810476912,-0.5631707311695056,2.6192487692756172,0.1820310315818407,-0.6236286189575846,2.620986994828516,-2.2044333630857538,0.3845756213811429,-1.914442822317322,1.936278335463106,2.0500190834742904,0.05584938148912651,-1.3562734980069837,0.540824281434346,1.2085278403662567,2.7068175428032646,-2.6007558499800663,1.744818245792117,-2.0327245198675397,1.9748095257232134,-0.7277325713637521,0.1911419479232136,2.165306964358048,-1.1278772501051024,-0.23181511139405547,-2.2385896444986195,1.2454760669174434,1.159440560411363,1.963596130566979,3.0986671352423896,0.8958540431233737,-2.183534978937973,-2.8098877759756347,-1.825276388978617,2.426178131512544,-2.187152938912669,2.4936492322656534,-2.4020925012791787,-2.2783959099530247,-2.1468236205138167,2.1080817357163584,2.1892840467697434,2.022962415956953,-2.190786789146286,-0.163409062828699,1.2367878399289394,2.9445084267848944
numHidden 	5
numGenes 	48
minGene 	-3.0
maxGene 	3.0
popSize 	200
maxEvaluations 	20000
mutateRate 	0.01
mutateChange 	0.05
seed 	1554692622589
random 	java.util.Random@73c6c3b2
neuralNetworkClass 	class coursework.ExampleEvolutionaryAlgorithm
Training Set Training
Fitness 0.1054006388264098