-2.320031206331006,2.535169714233457,2.2516877132799396,-2.6530812349739383,1.3095864266712145,-2.940177960536878,-0.48827658238780663,-0.35567878030929806,1.6120635912181995,-1.6941271450025615,-1.1233984309680258,-1.4319239807164095,2.9373892132442316,-0.9011119626914379,-1.8164936516524075,-2.6571765797136515,-1.418491673028001,0.9840414901649539,2.0962749794290048,-2.45256936373904,0.9335936769314219,-0.5513426413003335,1.4101740978336461,-0.8675973697683761,-1.4399603677615438,1.3133437118521318,1.0150364543592816,1.6577585410255602,-2.5887073335018327,-2.4188045647461607,-1.1804525194428293,2.373424331672097,-2.7562690871530813,-0.1263840462851178,-1.4588920510813495,-1.8221366091035747,-1.7554287814268863,-1.5670066114008487,-1.6371230770008036,-1.3358882762645194,0.2911390859029144,-1.0987964955412137,-1.0811753830309954,1.1588704330904622,-0.44330435020657966,2.6731457486549584,2.7422300125691184,2.6442906751569426
numHidden 	5
numGenes 	48
minGene 	-3.0
maxGene 	3.0
popSize 	200
maxEvaluations 	20000
mutateRate 	0.01
mutateChange 	0.05
seed 	1554719314496
random 	java.util.Random@73c6c3b2
neuralNetworkClass 	class coursework.ExampleEvolutionaryAlgorithm
Training Set Training
Fitness 0.11283813417900003