-2.063269997961278,-2.989411098570008,-1.4182036274942933,0.9310610844888063,-1.706373222080415,1.3688351437377142,-0.5210340698437109,2.8530722377017055,1.7552719454047938,2.7885297451649125,1.952576489970125,-2.856246591912851,-0.6020544119234912,-1.9026713493702536,-1.1073530984901676,-1.1365223492466894,-2.843042487176842,0.5887562156846717,2.8692003038791167,0.18185606640834318,-0.9583134053494793,-1.9887195485342344,2.893868146461867,-0.9725725049223748,0.9830232345799157,-1.1733889094446046,0.30983263295109625,-1.338352164980909,1.3091406571359694,0.6691769145180844,-2.3402469242444908,-1.83697680848913,2.5392367845735144,-2.4800869497354068,0.32616334962500826,0.4101205686476047,-1.0731789396690403,1.0306491014013481,-1.9891488854751627,1.7175207716822491,0.33794758795816415,2.9423167794992082,-0.15848829409771098,-1.8705227997860452,3.027314523802426,0.19068355555475486,1.9714810907524762,-1.8597314148571016
numHidden 	5
numGenes 	48
minGene 	-3.0
maxGene 	3.0
popSize 	200
maxEvaluations 	20000
mutateRate 	0.01
mutateChange 	0.05
seed 	1554719435544
random 	java.util.Random@73c6c3b2
neuralNetworkClass 	class coursework.ExampleEvolutionaryAlgorithm
Training Set Training
Fitness 0.10897007994203765