1.4339042486119637,2.808623833505627,-0.7033854915131117,-2.6537964119382753,-0.9686706335271131,2.5672956773676514,-0.9800186297828182,-1.4666931707651902,-0.9928534755766951,-0.45302044482534676,-2.372258390110488,0.10185450442686596,0.967104854673158,0.24380278516144072,1.5986809843357404,2.212265192749454,1.2013193884844175,-1.0875867907566037,-0.4010612521887359,0.45632666605905275,1.6396260937840903,-0.7895641546427523,-2.967516841260617,2.3506475736399386,-0.7741870251560219,2.252245754407851,2.4704200748505825,-1.030941702783291,-1.4585187044386074,2.8695055587839775,-0.8899986353690279,-1.3262848600155492,1.9723892901190272,2.7474025342882724,-2.3299424288695962,-1.8301064792267248,-1.0902461485506463,-0.5854990482190474,2.322942529518933,-0.737803939310014,-0.6339182170615836,-2.5393877400099765,-0.10606694872488394,2.8301269499777577,2.3597219559260028,1.1910695678752283,0.6773884718420622,-1.981271079133775
numHidden 	5
numGenes 	48
minGene 	-3.0
maxGene 	3.0
popSize 	200
maxEvaluations 	20000
mutateRate 	0.01
mutateChange 	0.05
seed 	1554691930151
random 	java.util.Random@2530c12
neuralNetworkClass 	class coursework.ExampleEvolutionaryAlgorithm
Training Set Training
Fitness 0.12760634226055398