2.8353799122936207,-1.0955934857271574,-0.2621476239057681,1.1262637557443487,-2.332689566934452,1.0159273000559104,2.1557197640630994,-1.1654408698615257,2.97430085138088,0.39481575145905784,-2.902719048051129,-2.169727115663102,-2.001757898511366,1.3470780503567803,-2.3630642907608177,-0.07294940793762256,1.2950993277318918,-2.039543949870028,-3.0318566195604646,0.6202010814599836,-1.6075070040269213,-1.6400130481319133,-0.6852655893506285,-2.3467651794489854,-0.06005719713241345,-0.5475523031841709,-1.1814983947867237,0.2788206707406797,0.44562962137501017,0.6077083440690607,-2.0390866162105743,-1.7140146433200376,2.3726754239613683,-2.9600812371494856,2.5281730788752617,2.4752784069271785,-2.693205188052812,-1.7717360090165613,-2.595204286043799,-2.52034345708849,-2.6252535237664167,0.5428351717779649,-2.6220326211550016,2.8707400582359837,1.142453656448276,1.4080579789089733,1.0995864645635804,2.1721473096620336
numHidden 	5
numGenes 	48
minGene 	-3.0
maxGene 	3.0
popSize 	200
maxEvaluations 	20000
mutateRate 	0.01
mutateChange 	0.05
seed 	1554719588393
random 	java.util.Random@73c6c3b2
neuralNetworkClass 	class coursework.ExampleEvolutionaryAlgorithm
Training Set Training
Fitness 0.02343973004657029