2.643662284389441,-0.19170700348611291,-2.247454468026822,-2.772321227972732,-0.2739814042303137,-1.373320028546599,2.8814341551368603,1.3863768449899292,-2.3825100160318593,-2.1443830675232114,1.525922538944285,-0.1358649651382431,-2.864391902006264,0.7563397879303682,1.0265490734391634,2.9544445549459732,1.7568208563441845,0.5705165871009668,1.5301361595953087,-0.9242019358526163,1.5763318716518635,-0.612042631336736,2.020340017509037,1.3874435357947998,1.0395551426748286,2.6847545370951735,-0.6013740909149301,0.21127938886002479,0.9731409773865642,-2.601912834781012,0.6495721948188573,-0.9448946504978808,-2.0922863856583027,-2.521336326711773,-2.364660607423253,2.73233017252066,-0.621554964654595,1.6170708169237236,1.303187356527745,-2.5658323253647555,0.11882250017255142,0.9180312963738833,-1.5664927923871574,2.8131633350001426,1.4332734994986005,2.7906371595256925,2.9679444733951144,1.8382039498005551
numHidden 	5
numGenes 	48
minGene 	-3.0
maxGene 	3.0
popSize 	200
maxEvaluations 	20000
mutateRate 	0.01
mutateChange 	0.05
seed 	1554692622589
random 	java.util.Random@73c6c3b2
neuralNetworkClass 	class coursework.ExampleEvolutionaryAlgorithm
Training Set Training
Fitness 0.11092208478151859