-1.1732468474243367,-2.642205589859616,2.5458041171816737,2.2895371064012986,2.2843840223997036,2.1199032872488246,-1.747529421689556,-1.408623451964611,-2.7483474862073454,-0.28923526078099027,1.1230772737152097,-1.255130813441459,-0.011563867597798705,0.9247086194022698,1.0417432477111204,2.0976986895802625,2.7813417541338312,-2.638895153721715,-2.656710654505665,1.9285065968537378,-1.3851131424541903,1.4726725910398573,-0.7925553709661934,2.641731972835748,-1.281514349846805,2.950689246261029,2.0693656310359145,2.202304503137343,-0.021193201584801175,0.01379040249909487,-0.09086381263368537,0.14198412951135042,0.9167224758835122,-1.996662031786207,0.83295849181963,-1.768445630921459,3.0159484868205446,2.5656008234428356,2.6934460132997744,2.876262116568089,-1.9618622355535582,-2.40111665153925,1.5249604355737383,0.41673613695202866,1.190705929937041,0.25949491290084675,2.790252420275115,-0.6598846940873271
numHidden 	5
numGenes 	48
minGene 	-3.0
maxGene 	3.0
popSize 	200
maxEvaluations 	20000
mutateRate 	0.01
mutateChange 	0.05
seed 	1554719314496
random 	java.util.Random@73c6c3b2
neuralNetworkClass 	class coursework.ExampleEvolutionaryAlgorithm
Training Set Training
Fitness 0.11226763919499462