-2.605523967083826,2.6578399515763493,0.5920952199440386,-2.8355499368199273,-1.3661212545925336,1.6193509173206408,-1.0611520888886654,2.6568885067145054,2.4078991487304524,-1.3624767615064202,1.4512963984790002,-1.3343762623383086,-0.9065981273126502,-1.7393009502991523,-0.30210684634731794,1.7366763222848995,-1.496906795869707,-1.0058869738772591,2.2349368155626124,0.42744662425423907,-1.9899380180057402,-2.2740192591893242,0.7578379786512439,-0.9955626638212616,2.1508772008144863,2.1065060464625303,0.23052020136790025,-1.3284519431287465,0.4074730363868479,-0.05208969170581809,-1.4624762655089751,2.3023207328922064,1.4661016245963359,-2.3414924228655147,-1.2298222982457347,-1.3868160877662958,0.5371791860097155,2.4562735158664033,2.5625013705926776,-1.0840849641177284,0.3928963755450873,-1.1727239124488036,1.1342939705141883,1.8262135088433142,-2.859985140153662,-2.6982409720997573,-2.0218327959879607,1.4314490227098986
numHidden 	5
numGenes 	48
minGene 	-3.0
maxGene 	3.0
popSize 	200
maxEvaluations 	20000
mutateRate 	0.01
mutateChange 	0.05
seed 	1554691930151
random 	java.util.Random@2530c12
neuralNetworkClass 	class coursework.ExampleEvolutionaryAlgorithm
Training Set Training
Fitness 0.12155882106912518