-1.465839703388896,-0.35979854573101244,0.41782654050613405,2.2843536608127657,-2.1675165899437285,-1.3948218762799005,1.5265390282003823,1.6138468732506628,2.449285043549282,-1.919026069983487,1.548831466058198,-0.3757996278977887,2.8057998957361194,2.648489646121715,-0.4458502388960245,0.6639510914993456,2.122861420623625,1.6447780392574152,0.015192799983433508,-2.5616182871814823,-2.182311415528344,-2.5253314726639626,2.1595759417507585,0.06909827156469098,-0.34605809802732157,0.08581220928137405,0.7931915674066001,3.023689889323628,-1.4404610389754078,-2.9776750813518573,-2.917784373150397,-1.110958526540555,1.7310166741580586,-0.026629053011581583,0.003758858617396929,1.5317946916312783,0.785021374633571,0.07170518623148717,3.085707094338452,0.9468699769468916,-2.8531895919045773,0.8733624322356073,-0.5956591784926235,2.3898902764275727,1.3324394928572945,2.7633553754955367,1.2438739883466234,0.07176283224424962
numHidden 	5
numGenes 	48
minGene 	-3.0
maxGene 	3.0
popSize 	200
maxEvaluations 	20000
mutateRate 	0.01
mutateChange 	0.05
seed 	1554691930151
random 	java.util.Random@2530c12
neuralNetworkClass 	class coursework.ExampleEvolutionaryAlgorithm
Training Set Training
Fitness 0.1090030718350129