-2.1386727566220864,-1.0537507234999524,2.787373378688189,2.4803298392530255,2.7479968468294755,-0.22975231328974266,-1.8111995621321444,-1.2843646538505444,1.6770688567273035,-2.073279408778463,-2.2480746727435985,0.446878922205573,1.2377789802515136,-0.594288558086995,-0.231590791101627,-2.0171607880365006,-2.6153788661696744,2.051570587980869,-0.24435126555683606,-0.5281351288974339,-2.663886678435434,-0.8493065945334783,-1.8471491969211526,-0.8841442309572141,-2.2904641761190714,-0.6188596968371578,-0.414261855543986,0.9847927797515474,1.918579359489437,1.9216881836518906,2.111005494526702,1.3682305306992282,-0.37391901460597715,1.6174657806687263,2.860632441085711,-2.2564746079946714,-2.8032434818105596,-1.513560360807256,-0.09735852821764389,1.6214314172776725,0.8350728015553535,0.025625739467123584,-1.6811243975657348,-2.651944486468439,-0.12885932671238365,1.9380091655499048,2.421852939133565,-0.851976693244513
numHidden 	5
numGenes 	48
minGene 	-3.0
maxGene 	3.0
popSize 	200
maxEvaluations 	20000
mutateRate 	0.01
mutateChange 	0.05
seed 	1554691930151
random 	java.util.Random@2530c12
neuralNetworkClass 	class coursework.ExampleEvolutionaryAlgorithm
Training Set Training
Fitness 0.1552121902833462