-1.3960439645758504,-1.1202087428014034,-2.2255228469651627,-1.6273627190570767,-2.919394012847222,-2.4990132793048883,2.7536506831388596,-1.7851709579826693,0.7521510403842735,-2.597104182375829,0.8555818098964378,0.8163444043761865,-1.658693797908491,-2.0835754115153904,-2.61077821901815,0.18376720065123087,1.7713921503288308,-2.921212177500389,1.3247170917123852,0.3121050368068617,-0.9239086140983106,0.30794474608729433,-0.21197822372934844,-0.19690460208801175,-0.9914459900602537,2.593702092223202,2.1265827238938444,-0.5595928928450962,-1.5700818828744358,2.081157114298666,0.910342018915415,1.986278013296954,-2.1274528085563813,1.9717617396217122,1.091287037089936,1.7074853469238493,-2.373982917215718,0.10439631741161028,-1.50873790989029,1.3194061294044328,2.934122523086258,2.7034541883410332,-0.7282579624037964,1.9552854395456667,2.368907428127537,1.893044964475191,-0.8892522477153484,0.023687380516677334
numHidden 	5
numGenes 	48
minGene 	-3.0
maxGene 	3.0
popSize 	200
maxEvaluations 	20000
mutateRate 	0.01
mutateChange 	0.05
seed 	1554691930151
random 	java.util.Random@2530c12
neuralNetworkClass 	class coursework.ExampleEvolutionaryAlgorithm
Training Set Training
Fitness 0.12481352562207484