2.055230468672037,2.5366364817842664,2.5640892538147533,-2.7319522894188903,-0.4673428417123204,0.11501037116992201,1.927729078358215,1.3585660565843527,-1.743023000144564,-2.563590454634772,1.44930521807631,-0.16562668656072538,0.7860383027985853,0.6087173316918675,-1.908579418544557,-2.262654875354147,2.775336009784139,0.49977007260001255,-0.6447333888137783,0.141528846754093,-0.10552510212660363,0.6368392600151829,-2.1758641461811274,0.8404161047075387,-2.5676640419673085,0.5010385084368394,-1.1150852064218262,-1.449991334187817,2.3932298786429627,-0.3499068216180034,1.731987574275256,0.9866995685319058,-0.7750094517361668,-0.18654857378427175,2.7154032976322124,2.408287057319445,-0.10386361382109009,0.5017686947592548,1.3900815193976306,1.0232361688743679,-0.19710271206933694,-0.39166141560067835,1.9552549591788466,-2.22240044659759,-2.6619231679246873,-0.1469055444834856,0.7432645671139364,0.8708056542617439
numHidden 	5
numGenes 	48
minGene 	-3.0
maxGene 	3.0
popSize 	200
maxEvaluations 	20000
mutateRate 	0.01
mutateChange 	0.05
seed 	1554691930151
random 	java.util.Random@2530c12
neuralNetworkClass 	class coursework.ExampleEvolutionaryAlgorithm
Training Set Training
Fitness 0.13086729383040702