0.19701433813377633,-2.051523947058281,-0.42849387363887725,2.792946464523413,0.9875345442289161,2.420690198861874,2.5930020577099597,-2.5441938307980623,2.622132668269445,1.3180782381917258,-0.9921741736101424,-0.9366312805907338,0.4198167498490422,0.012850503880572725,1.254197199989452,0.5663634306827405,1.7798388166824328,2.7079004141261045,1.7193655921910442,0.38636196220454655,-2.7229171607133837,2.0232820311315898,0.45189543010581357,-1.9196672276736404,0.5291479983785905,-0.4534221146879785,-2.002168132701084,-2.7246731801922346,-0.16660864244433018,-1.3601377956958685,-1.1895019218624128,-2.8558998462161083,2.725308086045249,-2.134290862568839,-1.4050373940203853,2.8701403489992776,2.6933930188003377,-2.1181716152346652,-0.1872328153702174,0.10600304079588252,-1.1354847409990707,2.591936428079995,0.16801322911752586,2.7656560559126024,1.3276737188900323,2.230537201907447,2.7731303113076873,1.574862882179708
numHidden 	5
numGenes 	48
minGene 	-3.0
maxGene 	3.0
popSize 	200
maxEvaluations 	20000
mutateRate 	0.01
mutateChange 	0.05
seed 	1554692622589
random 	java.util.Random@73c6c3b2
neuralNetworkClass 	class coursework.ExampleEvolutionaryAlgorithm
Training Set Training
Fitness 0.11041184951070507