-2.3867955997961365,-2.972795004872836,-2.7296957298464966,-2.2998661947662393,2.2570826845606033,0.8009213933842441,2.9513015262199778,2.7696853572246907,-2.8832222229663347,0.8362260566362791,-2.7296957298464966,-1.5899279765569891,-1.465535171128937,-2.4642393704520273,2.9513015262199778,2.9531596256236945,1.5006985157810915,2.5288730980649126,-2.602185690312654,1.1067211581083871,-1.4444631015988723,-2.602185690312654,-0.5348427439384338,2.3018122115264372,-2.7296957298464966,2.5846415535886322,-0.8050800039597608,-0.43734701316069824,0.531113862946194,-2.0796540312708283,-2.747281023112447,-1.2798388590969225,0.3687029846811525,-2.7031656220800615,-0.5348427439384338,2.062182894100122,2.0044350325949987,-0.1999196820679714,2.549680454672071,-0.6055561226067994,2.5214555264313825,-1.7105268483982168,-0.19033670842075479,-0.15887301410819088,-0.8477671893649887,1.145250344351398,-0.2534138197162106,1.8708258914877014
count 	1
numHidden 	5
numGenes 	48
minGene 	-3.0
maxGene 	3.0
popSize 	200
maxEvaluations 	20000
selectionPressure 	0.1
k_amount 	20
mutateRate 	0.05
mutateChange 	0.05
seed 	1555003619454
random 	java.util.Random@1f17ae12
neuralNetworkClass 	class coursework.ExampleEvolutionaryAlgorithm
Training Set Training
Fitness 0.06118134699989823