1.772288253951782,-1.4333465151875397,2.6240860947967857,-0.7458311571659415,-1.1440218164405487,-2.292666757573236,1.6305529638663128,1.0485022021787849,0.8762910526633245,2.182389933350625,2.1686185376455605,1.0485022021787849,2.883960754561649,-1.5160841524377884,0.14419633680442168,-2.4940246831378268,2.997199076161783,0.5167784217456237,-1.4333465151875397,0.767877091962486,2.4140599271153684,-1.660217914445051,-2.8501485292260345,1.6732338789911232,-2.8501485292260345,-0.32591523367836306,0.8904110538996135,0.6361009249350165,2.2310686761288006,0.9235104662944367,2.4249872736623628,-1.1016304141000803,-2.595180329187036,-0.5399816828132211,0.06487415595065649,2.3538447094848456,0.7680122588678082,-2.5767088585165228,1.996443473084538,1.5124671288696572,-1.2164390747843175,1.6858448546098916,-2.4764396012694423,-0.19349440795953132,1.4346387739777606,2.1128389725054486,1.772288253951782,-1.7036636643906415
count 	1
numHidden 	5
numGenes 	48
minGene 	-3.0
maxGene 	3.0
popSize 	200
maxEvaluations 	20000
selectionPressure 	0.1
k_amount 	20
mutateRate 	0.05
mutateChange 	0.05
seed 	1555003619454
random 	java.util.Random@1f17ae12
neuralNetworkClass 	class coursework.ExampleEvolutionaryAlgorithm
Training Set Training
Fitness 0.08753090963225013