-2.6371699754791464,0.3243013083073496,0.5635206768614243,1.8248614312371192,2.594366926724634,0.8476246967569554,2.8950179501992857,1.806943244400161,-2.9614771420323436,-1.4289436646749616,-1.8167667799161933,2.904586902707484,1.4115327954455958,0.40341667782566537,-1.1039196883009519,0.8756218605972852,-0.5609512146066393,-2.5211833271289343,-1.863925983884462,-1.4195156142566505,2.99512255678546,-1.498442621981547,0.6813802059055325,-1.7544491906563289,-0.7487850715322164,0.2944933831256469,-1.032968868803694,0.4539586405393825,0.46484098616381075,-2.297300306328056,-1.2509371013166557,1.5637836239076615,-1.407510897377079,1.45620723753533,0.45424541255771445,1.013924878327252,0.3243013083073496,-2.3474041164363197,0.07689996234752305,-0.7465608960920367,-2.186289913231935,-2.2811131167033007,1.2742632957788418,1.2578892055345428,-1.1121881200839705,2.3680375607562265,2.773779919481843,0.5222304087138361
count 	1
numHidden 	5
numGenes 	48
minGene 	-3.0
maxGene 	3.0
popSize 	200
maxEvaluations 	20000
selectionPressure 	0.1
k_amount 	20
mutateRate 	0.05
mutateChange 	0.05
seed 	1555003619454
random 	java.util.Random@1f17ae12
neuralNetworkClass 	class coursework.ExampleEvolutionaryAlgorithm
Training Set Training
Fitness 0.08267960664323781