1.1973921896230486,-0.04606466084212446,2.899843302348435,-2.1946012035705262,-1.8028898860155913,2.4983831734735586,1.4446381950362088,0.5870646336124485,-2.8559519642745386,2.228769366195369,1.768786126345816,2.5578839654080756,1.5124808071923823,2.2229556420422636,-0.15656777375740738,-0.7443062681816537,-2.3668876473037663,2.7213250436684797,-1.7033094794922015,2.6857078095089824,2.4541532070651595,-2.23573986698541,-0.8351452510064314,2.73037176305517,-2.545434141288486,1.5912036517029327,2.4913561562238256,1.557313552244871,0.18401588554145798,0.6136420786459147,-0.30656038932669993,-0.6958994366148361,-1.4179038346990687,0.9694234891537152,0.2266080801217374,1.216273697040874,1.1564438052054626,-0.6268800509954904,0.5190729317385241,-1.2546432897231106,-0.6669253417816576,-1.9597896158125074,0.577963587203385,1.096070800668346,2.1659908130231855,1.7866070581856572,2.3854806159618818,0.7112299234146864
count 	1
numHidden 	5
numGenes 	48
minGene 	-3.0
maxGene 	3.0
popSize 	200
maxEvaluations 	20000
selectionPressure 	0.1
k_amount 	20
mutateRate 	0.05
mutateChange 	0.05
seed 	1555003619454
random 	java.util.Random@1f17ae12
neuralNetworkClass 	class coursework.ExampleEvolutionaryAlgorithm
Training Set Training
Fitness 0.10393152178253418