2.075346913530094,1.2231681968255277,-2.9701534568207437,-1.7237353190585252,-2.432129476289831,-2.899880918714729,1.567954791566093,-0.6003740914128137,-1.9266256990532917,0.0764502303394008,-1.6228895244421366,0.40262840690207424,-0.45502563812831154,-0.2092255804336567,-2.364977614793046,-1.7062641128656784,2.73223757644336,0.22646743103739153,2.918080820322565,-2.6955813553890478,0.6179955289862034,0.6277856023079988,0.6559594098750701,2.539973253544643,-0.1313752061148179,0.7478806224817012,-0.3308721464887401,-2.79134100364098,-0.32197927289858397,-1.5639770644094095,-0.9490522853169021,0.17663885553218783,-2.3446830783140604,0.7206764046105336,-2.558721381864096,-0.32833432078366087,1.2491542662754327,1.5721962753315104,1.2246531058154986,1.9423126556056038,2.665258800775953,0.303357083587362,-1.5639770644094095,1.8306163630411465,-0.5570498353926929,1.5126520635004121,2.734756599112032,1.8565182594722094
count 	1
numHidden 	5
numGenes 	48
minGene 	-3.0
maxGene 	3.0
popSize 	200
maxEvaluations 	20000
selectionPressure 	0.1
k_amount 	20
mutateRate 	0.05
mutateChange 	0.05
seed 	1555003619454
random 	java.util.Random@1f17ae12
neuralNetworkClass 	class coursework.ExampleEvolutionaryAlgorithm
Training Set Training
Fitness 0.09094944603523848